test_acc: 0.9529374241828918

test_iou: 0.7950169091037584

test_precision: 0.8953154854362577

test_recall: 0.8748395055527866

