test_acc: 0.8564535975456238

test_iou: 0.4951893528660452

test_precision: 0.7607112078345554

test_recall: 0.5838062031875935

