test_acc: 0.939926266670227

test_iou: 0.7438766739561717

test_precision: 0.8575529008689704

test_recall: 0.8446161489789847

