test_acc: 0.8658915758132935

test_iou: 0.544090416828365

test_precision: 0.7260226665872636

test_recall: 0.6701679707977789

