test_acc: 0.9457206726074219

test_iou: 0.767708721514684

test_precision: 0.882287788919179

test_recall: 0.8559427515414779

